citation,context_text,extracted_text,predicted_label
"ע""פ 3117/12","במקרה דנן, הערך החברתי אשר נפגע הינו הגנה על הציבור מפני הנזקים הנלווים לשימוש בסמים מסוכנים. נזקי הסמים כוללים נזקים ישירים למכורים לסמים, אשר פעמים רבות נופלים כנטל על החברה, ונזקים עקיפים הנגרמים כתוצאה מביצוע עבירות על ידי המכורים לסמים כדי לממן את רכישתם.
רבות נכתב על אודות על נזקי הסחר בסמים והעבירות הנלוות לסחר בסמים. יפים לעניין זה דברי כב' השופט א' שהם בע""פ 3117/12 ארביב נ' מדינת ישראל (6.9.12):
""אכן, נגע הסמים הפוגע קשות בחברתנו מחייב מלחמת חורמה והעונשים שיגזרו על ידי בתי המשפט בשל עבירות סמים צריכים להשתלב במאבק הכולל להדברת הנגע. על כן, יש ליתן משקל ממשי לשיקול ההרתעתי אל מול השיקולים האישיים, אשר משקלם יהיה נמוך יותר במקרים כגון אלה"".","""יפים לעניין זה דברי כב' השופט א' שהם בע""פ 3117/12 ארביב נ' מדינת ישראל (6.9.12): 'אכן, נגע הסמים הפוגע קשות בחברתנו מחייב מלחמת חורמה והעונשים שיגזרו על ידי בתי המשפט בשל עבירות סמים צריכים להשתלב במאבק הכולל להדברת הנגע. על כן, יש ליתן משקל ממשי לשיקול ההרתעתי אל מול השיקולים האישיים, אשר משקלם יהיה נמוך יותר במקרים כגון אלה'.""",0
"ע""פ 7044/11","""אכן, נגע הסמים הפוגע קשות בחברתנו מחייב מלחמת חורמה והעונשים שיגזרו על ידי בתי המשפט בשל עבירות סמים צריכים להשתלב במאבק הכולל להדברת הנגע. על כן, יש ליתן משקל ממשי לשיקול ההרתעתי אל מול השיקולים האישיים, אשר משקלם יהיה נמוך יותר במקרים כגון אלה"".
על החומרה שיש לנקוט כלפי המעורבים בשרשרת הפצת הסם, לרבות כלפי הבלדרים אשר אינם ניצבים בראש ההיררכיה, ראו ע""פ 7044/11 עבד נ' מדינת ישראל  (17.6.12):
""על בתי המשפט לנקוט במדיניות ענישה משמעותית כלפי כל המעורבים בשרשרת הפצת הסמים, שכן רק בדרך זו ניתן יהיה לפעול למיגור התופעה. על אף העובדה כי המערערים שימשו כבלדרים, ולא עמדו בראש שרשרת הפצת הסם – הרי שהשיטה העומדת במרכז התופעה נשענת, במידה רבה, על נכונותם של המערערים ושכמותם לבצע את העבירות האמורות... ייבוא הסמים לתחומי המדינה מחייב הרתעה אפקטיבית של כלל השותפים למבצעי ההברחה, המודעים לחומרת העבירות הכרוכות במכלול, וזאת באמצעות ענישה משמעותית שתאיין את כדאיות ביצוע המעשים האסורים"".","על החומרה שיש לנקוט כלפי המעורבים בשרשרת הפצת הסם, לרבות כלפי הבלדרים אשר אינם ניצבים בראש ההיררכיה, ראו ע""פ 7044/11 עבד נ' מדינת ישראל (17.6.12): ""על בתי המשפט לנקוט במדיניות ענישה משמעותית כלפי כל המעורבים בשרשרת הפצת הסמים, שכן רק בדרך זו ניתן יהיה לפעול למיגור התופעה. על אף העובדה כי המערערים שימשו כבלדרים, ולא עמדו בראש שרשרת הפצת הסם – הרי שהשיטה העומדת במרכז התופעה נשענת, במידה רבה, על נכונותם של המערערים ושכמותם לבצע את העבירות האמורות... ייבוא הסמים לתחומי המדינה מחייב הרתעה אפקטיבית של כלל השותפים למבצעי ההברחה, המודעים לחומרת העבירות הכרוכות במכלול, וזאת באמצעות ענישה משמעותית שתאיין את כדאיות ביצוע המעשים האסורים"".",0
"ע""פ 972/11","בחינת מידת הפגיעה בערך המוגן מובילה למסקנה כי הפגיעה בערך המוגן הינה ברף גבוה נוכח הסם מסוג קוקאין שהינו מן הקשים שבסמים, והכמות הרבה של למעלה מ- 6 קילוגרם של סם אשר יובאה לארץ על ידי הנאשם.
בכל הנוגע להשפעותיו הקשות של הסם מסוג קוקאין, קבע כב' השופט נ' הנדל בע""פ 972/11 מדינת ישראל נ' יונה (4.7.12) (פסקה 4) את הדברים הבאים:
""הקוקאין נחשב, ולא בכדי, לסם קשה. זאת הן בשל השפעותיו על גוף האדם, והן בשל פוטנציאל ההתמכרות הגבוה שטמון בו. על פי רוב, לאחר נטילת הסם חווה המשתמש תחושה חזקה של אופוריה. לאחר האופוריה מגיעה ההתרסקות, שמתאפיינת בתשישות, שינה, דיכאון ממושך – וצורך עז להשיג מנת סם נוספת. נמצא גם שהמוח מסתגל במהירות לאפקט האופוריה, וכתוצאה מכך המשתמש צורך כמויות הולכות וגדלות מהסם. הגדלת מנת הסם מעצימה את הפגיעה שנגרמת למשתמש ובכלל זאת פרנויה, פאניקה ושיבוש בפעילות החשמלית של הלב עד כדי פוטנציאל להתקף או לדום לב... הפגיעה ביחיד חוזרת חלילה לפגיעה בחברה. השימוש בסם מסוג קוקאין יוצר צורך להמשיך ולהשתמש. כתוצאה מכך עליו לחפש מקורות כספיים למימון רכישת הסם, לאו דווקא בדרכים חוקיות, תוך שהוא חווה הידרדרות מתמדת בתפקוד הפיזי והקוגנטיבי שלו"".","בכל הנוגע להשפעותיו הקשות של הסם מסוג קוקאין, קבע כב' השופט נ' הנדל בע""פ 972/11 מדינת ישראל נ' יונה (4.7.12) (פסקה 4) את הדברים הבאים: ""הקוקאין נחשב, ולא בכדי, לסם קשה. זאת הן בשל השפעותיו על גוף האדם, והן בשל פוטנציאל ההתמכרות הגבוה שטמון בו. על פי רוב, לאחר נטילת הסם חווה המשתמש תחושה חזקה של אופוריה. לאחר האופוריה מגיעה ההתרסקות, שמתאפיינת בתשישות, שינה, דיכאון ממושך – וצורך עז להשיג מנת סם נוספת. נמצא גם שהמוח מסתגל במהירות לאפקט האופוריה, וכתוצאה מכך המשתמש צורך כמויות הולכות וגדלות מהסם. הגדלת מנת הסם מעצימה את הפגיעה שנגרמת למשתמש ובכלל זאת פרנויה, פאניקה ושיבוש בפעילות החשמלית של הלב עד כדי פוטנציאל להתקף או לדום לב... הפגיעה ביחיד חוזרת חלילה לפגיעה בחברה. השימוש בסם מסוג קוקאין יוצר צורך להמשיך ולהשתמש. כתוצאה מכך עליו לחפש מקורות כספיים למימון רכישת הסם, לאו דווקא בדרכים חוקיות, תוך שהוא חווה הידרדרות מתמדת בתפקוד הפיזי והקוגנטיבי שלו"".",0
"ע""פ 8031/10","בחינת מדיניות הענישה הנוהגת מעלה כי במקרים דומים של יבוא סם מסוג קוקאין, לרבות במקרים בהם עסקינן בכמויות סם קטנות יותר, הוטלו על נאשמים עונשים במנעד רחב כמפורט להלן:
בע""פ 8031/10 צ'אבז נ' מדינת ישראל (1.3.12), התקבל ערעורן של שתי נאשמות אשר הורשעו בעבירות של קשירת קשר לפשע וייבוא סם. הנאשמות, אזרחיות זרות, שימשו בלדריות להעברת סם מסוג קוקאין מבוליביה לישראל. בהזדמנות אחת קיבלו הנאשמות כ-2 ק""ג סם קוקאין, בלעו אותו ארוז לגופן והביאו אותו לישראל וקיבלו עבורו 60,000 יורו בקירוב. בהזדמנות נוספת בלעו כ-3 ק""ג סם קוקאין ארוזים, והביאו אותם ארצה. הנאשמות צעירות, אימהות לילדים קטנים, אשר גדלו בנסיבות משפחתיות קשות. עונשן הופחת מ- 6 שנים וחצי לחמש שנים וחצי מאסר בפועל.
בע""פ 4008/11 גוארדיה נ' מדינת ישראל (6.3.12), נדחו ערעורם של נאשמים, גבר ואישה אזרחי בוליביה, אשר נשאו בגופם סם מסוג קוקאין. הנאשמת נשאה סם במשקל שלמעלה מ- 800 גרם והנאשם במשקל של 1 ק""ג. הנאשמת אם לארבעה ילדים החיים בארץ מוצאה בעוני. הנאשם אף הוא אב לשלושה ילדים וסובל מחרפת רעב בארץ מוצאו. הנאשמת נדונה ל- 45 חודשי מאסר בפועל ואילו הנאשם ל- 55   חודשי מאסר בפועל.","בע""פ 8031/10 צ'אבז נ' מדינת ישראל (1.3.12), התקבל ערעורן של שתי נאשמות אשר הורשעו בעבירות של קשירת קשר לפשע וייבוא סם. הנאשמות, אזרחיות זרות, שימשו בלדריות להעברת סם מסוג קוקאין מבוליביה לישראל. בהזדמנות אחת קיבלו הנאשמות כ-2 ק""ג סם קוקאין, בלעו אותו ארוז לגופן והביאו אותו לישראל וקיבלו עבורו 60,000 יורו בקירוב. בהזדמנות נוספת בלעו כ-3 ק""ג סם קוקאין ארוזים, והביאו אותם ארצה. הנאשמות צעירות, אימהות לילדים קטנים, אשר גדלו בנסיבות משפחתיות קשות. עונשן הופחת מ- 6 שנים וחצי לחמש שנים וחצי מאסר בפועל.",1
"ע""פ 4008/11","בע""פ 8031/10 צ'אבז נ' מדינת ישראל (1.3.12), התקבל ערעורן של שתי נאשמות אשר הורשעו בעבירות של קשירת קשר לפשע וייבוא סם. הנאשמות, אזרחיות זרות, שימשו בלדריות להעברת סם מסוג קוקאין מבוליביה לישראל. בהזדמנות אחת קיבלו הנאשמות כ-2 ק""ג סם קוקאין, בלעו אותו ארוז לגופן והביאו אותו לישראל וקיבלו עבורו 60,000 יורו בקירוב. בהזדמנות נוספת בלעו כ-3 ק""ג סם קוקאין ארוזים, והביאו אותם ארצה. הנאשמות צעירות, אימהות לילדים קטנים, אשר גדלו בנסיבות משפחתיות קשות. עונשן הופחת מ- 6 שנים וחצי לחמש שנים וחצי מאסר בפועל.
בע""פ 4008/11 גוארדיה נ' מדינת ישראל (6.3.12), נדחו ערעורם של נאשמים, גבר ואישה אזרחי בוליביה, אשר נשאו בגופם סם מסוג קוקאין. הנאשמת נשאה סם במשקל שלמעלה מ- 800 גרם והנאשם במשקל של 1 ק""ג. הנאשמת אם לארבעה ילדים החיים בארץ מוצאה בעוני. הנאשם אף הוא אב לשלושה ילדים וסובל מחרפת רעב בארץ מוצאו. הנאשמת נדונה ל- 45 חודשי מאסר בפועל ואילו הנאשם ל- 55   חודשי מאסר בפועל.
בע""פ 3022/15 גרינשפן נ' מדינת ישראל (7.11.16), התקבל ערעורו של נאשם אשר הורשע בעבירות של יבוא סם מסוכן, החזקת סם מסוכן שלא לצריכה עצמית, וקשירת קשר לביצוע פשע. אל שותפו של הנאשם נשלחה מפנמה מעטפה המכילה 200.8 גרם ברוטו של סם מסוג קוקאין, כשהתקבלה החבילה בביתו של השותף, הגיע הנאשם כדי לאסוף אותה. בית המשפט העליון העמיד את עונשו של הנאשם על 4 שנים חלף 4.5 שנים.","בע""פ 4008/11 גוארדיה נ' מדינת ישראל (6.3.12), נדחו ערעורם של נאשמים, גבר ואישה אזרחי בוליביה, אשר נשאו בגופם סם מסוג קוקאין. הנאשמת נשאה סם במשקל שלמעלה מ- 800 גרם והנאשם במשקל של 1 ק""ג. הנאשמת אם לארבעה ילדים החיים בארץ מוצאה בעוני. הנאשם אף הוא אב לשלושה ילדים וסובל מחרפת רעב בארץ מוצאו. הנאשמת נדונה ל- 45 חודשי מאסר בפועל ואילו הנאשם ל- 55 חודשי מאסר בפועל.",1
"ע""פ 3022/15","בע""פ 4008/11 גוארדיה נ' מדינת ישראל (6.3.12), נדחו ערעורם של נאשמים, גבר ואישה אזרחי בוליביה, אשר נשאו בגופם סם מסוג קוקאין. הנאשמת נשאה סם במשקל שלמעלה מ- 800 גרם והנאשם במשקל של 1 ק""ג. הנאשמת אם לארבעה ילדים החיים בארץ מוצאה בעוני. הנאשם אף הוא אב לשלושה ילדים וסובל מחרפת רעב בארץ מוצאו. הנאשמת נדונה ל- 45 חודשי מאסר בפועל ואילו הנאשם ל- 55   חודשי מאסר בפועל.
בע""פ 3022/15 גרינשפן נ' מדינת ישראל (7.11.16), התקבל ערעורו של נאשם אשר הורשע בעבירות של יבוא סם מסוכן, החזקת סם מסוכן שלא לצריכה עצמית, וקשירת קשר לביצוע פשע. אל שותפו של הנאשם נשלחה מפנמה מעטפה המכילה 200.8 גרם ברוטו של סם מסוג קוקאין, כשהתקבלה החבילה בביתו של השותף, הגיע הנאשם כדי לאסוף אותה. בית המשפט העליון העמיד את עונשו של הנאשם על 4 שנים חלף 4.5 שנים.
בע""פ 5813/14 Pedraza נ' מדינת ישראל (13.7.15), נדחה ערעורה של נאשמת אשר הורשעה בייבוא סם. הנאשמת הגיעה ארצה כשעל גופה מוטמן סם מסוג קוקאין במשקל של 660 גרם. נקבע מתחם של 24 עד- 55 חודשי מאסר בפועל. לנאשמת נסיבות חיים קשות. נידונה ל- 45 חודשי מאסר.","בע""פ 3022/15 גרינשפן נ' מדינת ישראל (7.11.16), התקבל ערעורו של נאשם אשר הורשע בעבירות של יבוא סם מסוכן, החזקת סם מסוכן שלא לצריכה עצמית, וקשירת קשר לביצוע פשע. אל שותפו של הנאשם נשלחה מפנמה מעטפה המכילה 200.8 גרם ברוטו של סם מסוג קוקאין, כשהתקבלה החבילה בביתו של השותף, הגיע הנאשם כדי לאסוף אותה. בית המשפט העליון העמיד את עונשו של הנאשם על 4 שנים חלף 4.5 שנים.",1
"ע""פ 5813/14","בע""פ 3022/15 גרינשפן נ' מדינת ישראל (7.11.16), התקבל ערעורו של נאשם אשר הורשע בעבירות של יבוא סם מסוכן, החזקת סם מסוכן שלא לצריכה עצמית, וקשירת קשר לביצוע פשע. אל שותפו של הנאשם נשלחה מפנמה מעטפה המכילה 200.8 גרם ברוטו של סם מסוג קוקאין, כשהתקבלה החבילה בביתו של השותף, הגיע הנאשם כדי לאסוף אותה. בית המשפט העליון העמיד את עונשו של הנאשם על 4 שנים חלף 4.5 שנים.
בע""פ 5813/14 Pedraza נ' מדינת ישראל (13.7.15), נדחה ערעורה של נאשמת אשר הורשעה בייבוא סם. הנאשמת הגיעה ארצה כשעל גופה מוטמן סם מסוג קוקאין במשקל של 660 גרם. נקבע מתחם של 24 עד- 55 חודשי מאסר בפועל. לנאשמת נסיבות חיים קשות. נידונה ל- 45 חודשי מאסר.
בע""פ 3931/13 באום נ' מדינת ישראל (10.6.14), נדחה ערעורו של נאשם אשר הורשע בביצוע עבירה של ייבוא סם מסוכן. הנאשם הגיע לישראל כשבגופו 71 קפסולות שהכילו סם מסוכן מסוג קוקאין במשקל כולל של כ-556 גרם נטו. בית המשפט קבע מתחם עונש בין 30 ל-45 חודשי מאסר בפועל. נידון לעונש של 40 חודשי מאסר בפועל.","בע""פ 5813/14 Pedraza נ' מדינת ישראל (13.7.15), נדחה ערעורה של נאשמת אשר הורשעה בייבוא סם. הנאשמת הגיעה ארצה כשעל גופה מוטמן סם מסוג קוקאין במשקל של 660 גרם. נקבע מתחם של 24 עד- 55 חודשי מאסר בפועל. לנאשמת נסיבות חיים קשות. נידונה ל- 45 חודשי מאסר.",1
"ע""פ 3931/13","בע""פ 5813/14 Pedraza נ' מדינת ישראל (13.7.15), נדחה ערעורה של נאשמת אשר הורשעה בייבוא סם. הנאשמת הגיעה ארצה כשעל גופה מוטמן סם מסוג קוקאין במשקל של 660 גרם. נקבע מתחם של 24 עד- 55 חודשי מאסר בפועל. לנאשמת נסיבות חיים קשות. נידונה ל- 45 חודשי מאסר.
בע""פ 3931/13 באום נ' מדינת ישראל (10.6.14), נדחה ערעורו של נאשם אשר הורשע בביצוע עבירה של ייבוא סם מסוכן. הנאשם הגיע לישראל כשבגופו 71 קפסולות שהכילו סם מסוכן מסוג קוקאין במשקל כולל של כ-556 גרם נטו. בית המשפט קבע מתחם עונש בין 30 ל-45 חודשי מאסר בפועל. נידון לעונש של 40 חודשי מאסר בפועל.
בת""פ (מח' מרכז-לוד) 737-10-13 מדינת ישראל נ' Lopez (6.11.14), הורשע נאשם בעבירה של ייבוא סם מסוכן. הנאשם טס ארצה כשבתוך מזוודתו מוסלקים סמים מסוג קוקאין במשקל כולל של 3.47 ק""ג. הנאשם אזרח זר כבן 64 שמצבו הבריאותי רופף. נידון ל- 5 שנות מאסר בפועל.","ע""פ 3931/13 באום נ' מדינת ישראל (10.6.14), נדחה ערעורו של נאשם אשר הורשע בביצוע עבירה של ייבוא סם מסוכן. הנאשם הגיע לישראל כשבגופו 71 קפסולות שהכילו סם מסוכן מסוג קוקאין במשקל כולל של כ-556 גרם נטו. בית המשפט קבע מתחם עונש בין 30 ל-45 חודשי מאסר בפועל. נידון לעונש של 40 חודשי מאסר בפועל.",1
"ת""פ (מח' מרכז-לוד) 737-10-13","בע""פ 3931/13 באום נ' מדינת ישראל (10.6.14), נדחה ערעורו של נאשם אשר הורשע בביצוע עבירה של ייבוא סם מסוכן. הנאשם הגיע לישראל כשבגופו 71 קפסולות שהכילו סם מסוכן מסוג קוקאין במשקל כולל של כ-556 גרם נטו. בית המשפט קבע מתחם עונש בין 30 ל-45 חודשי מאסר בפועל. נידון לעונש של 40 חודשי מאסר בפועל.
בת""פ (מח' מרכז-לוד) 737-10-13 מדינת ישראל נ' Lopez (6.11.14), הורשע נאשם בעבירה של ייבוא סם מסוכן. הנאשם טס ארצה כשבתוך מזוודתו מוסלקים סמים מסוג קוקאין במשקל כולל של 3.47 ק""ג. הנאשם אזרח זר כבן 64 שמצבו הבריאותי רופף. נידון ל- 5 שנות מאסר בפועל.
בת""פ (מח' מרכז-לוד) 13718-09-16 מדינת ישראל נ' מרסל (26.6.17), הורשע נאשם בעבירות של ייבוא סם מסוכן, קשירת קשר לפשע והחזקת סם מסוכן שלא לשימוש עצמי. הנאשם, תושב ברזיל, טס ארצה כשהוא נושא בתוך מזוודתו סם מסוכן מסוג קוקאין במשקל של 3.03 ק""ג נטו. הנאשם תושב זר אשר נסיבות חייו קשות, סייע למשטרה בניסיון ללכוד מעורבים אחרים ונעדר עבר פלילי. נקבע מתחם של 4 עד 7 שנות מאסר. נידון ל- 56 חודשי מאסר בפועל.","בת""פ (מח' מרכז-לוד) 737-10-13 מדינת ישראל נ' Lopez (6.11.14), הורשע נאשם בעבירה של ייבוא סם מסוכן. הנאשם טס ארצה כשבתוך מזוודתו מוסלקים סמים מסוג קוקאין במשקל כולל של 3.47 ק""ג. הנאשם אזרח זר כבן 64 שמצבו הבריאותי רופף. נידון ל- 5 שנות מאסר בפועל.",1
"ת""פ (מח' מרכז-לוד) 13718-09-16","בת""פ (מח' מרכז-לוד) 737-10-13 מדינת ישראל נ' Lopez (6.11.14), הורשע נאשם בעבירה של ייבוא סם מסוכן. הנאשם טס ארצה כשבתוך מזוודתו מוסלקים סמים מסוג קוקאין במשקל כולל של 3.47 ק""ג. הנאשם אזרח זר כבן 64 שמצבו הבריאותי רופף. נידון ל- 5 שנות מאסר בפועל.
בת""פ (מח' מרכז-לוד) 13718-09-16 מדינת ישראל נ' מרסל (26.6.17), הורשע נאשם בעבירות של ייבוא סם מסוכן, קשירת קשר לפשע והחזקת סם מסוכן שלא לשימוש עצמי. הנאשם, תושב ברזיל, טס ארצה כשהוא נושא בתוך מזוודתו סם מסוכן מסוג קוקאין במשקל של 3.03 ק""ג נטו. הנאשם תושב זר אשר נסיבות חייו קשות, סייע למשטרה בניסיון ללכוד מעורבים אחרים ונעדר עבר פלילי. נקבע מתחם של 4 עד 7 שנות מאסר. נידון ל- 56 חודשי מאסר בפועל.
בת""פ (מח' ב""ש) 25478-06-16 מדינת ישראל נ' חלייהו (19.4.17), הורשעה נאשמת בעבירות של קשירת קשר לפשע, ייבוא סם מסוכן, החזקת סם שלא לצריכה עצמית, החזקת כלים ונהיגה תחת השפעה. הנאשמת קשרה קשר עם אחר והביאה במזוודה שנשאה עת נחתה בשדה התעופה סם מסוג קוקאין במשקל של כ- 7 ק""ג. הנאשמת אם לשני ילדים קטנים אשר נסיבות חייה קשות ואשר ביצעה את העבירות על רקע מצב כלכלי קשה. הנאשמת נדונה, במסגרת הסדר טיעון, לעונש של 55 חודשי מאסר בפועל.","בת""פ (מח' מרכז-לוד) 13718-09-16 מדינת ישראל נ' מרסל (26.6.17), הורשע נאשם בעבירות של ייבוא סם מסוכן, קשירת קשר לפשע והחזקת סם מסוכן שלא לשימוש עצמי. הנאשם, תושב ברזיל, טס ארצה כשהוא נושא בתוך מזוודתו סם מסוכן מסוג קוקאין במשקל של 3.03 ק""ג נטו. הנאשם תושב זר אשר נסיבות חייו קשות, סייע למשטרה בניסיון ללכוד מעורבים אחרים ונעדר עבר פלילי. נקבע מתחם של 4 עד 7 שנות מאסר. נידון ל- 56 חודשי מאסר בפועל.",1
"ת""פ (מח' ב""ש) 25478-06-16","בת""פ (מח' מרכז-לוד) 13718-09-16 מדינת ישראל נ' מרסל (26.6.17), הורשע נאשם בעבירות של ייבוא סם מסוכן, קשירת קשר לפשע והחזקת סם מסוכן שלא לשימוש עצמי. הנאשם, תושב ברזיל, טס ארצה כשהוא נושא בתוך מזוודתו סם מסוכן מסוג קוקאין במשקל של 3.03 ק""ג נטו. הנאשם תושב זר אשר נסיבות חייו קשות, סייע למשטרה בניסיון ללכוד מעורבים אחרים ונעדר עבר פלילי. נקבע מתחם של 4 עד 7 שנות מאסר. נידון ל- 56 חודשי מאסר בפועל.
בת""פ (מח' ב""ש) 25478-06-16 מדינת ישראל נ' חלייהו (19.4.17), הורשעה נאשמת בעבירות של קשירת קשר לפשע, ייבוא סם מסוכן, החזקת סם שלא לצריכה עצמית, החזקת כלים ונהיגה תחת השפעה. הנאשמת קשרה קשר עם אחר והביאה במזוודה שנשאה עת נחתה בשדה התעופה סם מסוג קוקאין במשקל של כ- 7 ק""ג. הנאשמת אם לשני ילדים קטנים אשר נסיבות חייה קשות ואשר ביצעה את העבירות על רקע מצב כלכלי קשה. הנאשמת נדונה, במסגרת הסדר טיעון, לעונש של 55 חודשי מאסר בפועל.
בת""פ (מח' מרכז) 515-02-11 מדינת ישראל נ' קויספה (18.5.11), הורשע נאשם בעבירות של ייבוא סם והחזקת סם מסוג קוקאין. הנאשם ייבא על גופו וכן בתוך גופו סם מסוג קוקאין במשקל  כולל של 1,731 גרם, הנאשם צעיר, נעדר עבר פלילי, אזרח זר, נידון ל- 55 חודשי מאסר בפועל.","בת""פ (מח' ב""ש) 25478-06-16 מדינת ישראל נ' חלייהו (19.4.17), הורשעה נאשמת בעבירות של קשירת קשר לפשע, ייבוא סם מסוכן, החזקת סם שלא לצריכה עצמית, החזקת כלים ונהיגה תחת השפעה. הנאשמת קשרה קשר עם אחר והביאה במזוודה שנשאה עת נחתה בשדה התעופה סם מסוג קוקאין במשקל של כ- 7 ק""ג. הנאשמת אם לשני ילדים קטנים אשר נסיבות חייה קשות ואשר ביצעה את העבירות על רקע מצב כלכלי קשה. הנאשמת נדונה, במסגרת הסדר טיעון, לעונש של 55 חודשי מאסר בפועל.",1
"ת""פ (מח' מרכז) 515-02-11","בת""פ (מח' ב""ש) 25478-06-16 מדינת ישראל נ' חלייהו (19.4.17), הורשעה נאשמת בעבירות של קשירת קשר לפשע, ייבוא סם מסוכן, החזקת סם שלא לצריכה עצמית, החזקת כלים ונהיגה תחת השפעה. הנאשמת קשרה קשר עם אחר והביאה במזוודה שנשאה עת נחתה בשדה התעופה סם מסוג קוקאין במשקל של כ- 7 ק""ג. הנאשמת אם לשני ילדים קטנים אשר נסיבות חייה קשות ואשר ביצעה את העבירות על רקע מצב כלכלי קשה. הנאשמת נדונה, במסגרת הסדר טיעון, לעונש של 55 חודשי מאסר בפועל.
בת""פ (מח' מרכז) 515-02-11 מדינת ישראל נ' קויספה (18.5.11), הורשע נאשם בעבירות של ייבוא סם והחזקת סם מסוג קוקאין. הנאשם ייבא על גופו וכן בתוך גופו סם מסוג קוקאין במשקל  כולל של 1,731 גרם, הנאשם צעיר, נעדר עבר פלילי, אזרח זר, נידון ל- 55 חודשי מאסר בפועל.
בת""פ (מח' ת""א) 33745-01-13 מדינת ישראל נ' דסונה (28.10.13), הורשעה הנאשמת, אזרחית ברזיל, בעבירות של קשירת קשר לביצוע פשע, יבוא סמים והחזקת סמים שלא לשימוש עצמי. הנאשמת שימשה כבלדרית והכניסה ארצה כמות של 4 ק""ג סם מסוג קוקאין במזוודתה. הנאשמת אם לארבעה ילדים שחיים בארץ מוצאה בעוני קשה. נידונה ל- 3.5 שנות מאסר בפועל.","בת""פ (מח' מרכז) 515-02-11 מדינת ישראל נ' קויספה (18.5.11), הורשע נאשם בעבירות של ייבוא סם והחזקת סם מסוג קוקאין. הנאשם ייבא על גופו וכן בתוך גופו סם מסוג קוקאין במשקל כולל של 1,731 גרם, הנאשם צעיר, נעדר עבר פלילי, אזרח זר, נידון ל- 55 חודשי מאסר בפועל.",1
"ת""פ (מח' ת""א) 33745-01-13","בת""פ (מח' מרכז) 515-02-11 מדינת ישראל נ' קויספה (18.5.11), הורשע נאשם בעבירות של ייבוא סם והחזקת סם מסוג קוקאין. הנאשם ייבא על גופו וכן בתוך גופו סם מסוג קוקאין במשקל  כולל של 1,731 גרם, הנאשם צעיר, נעדר עבר פלילי, אזרח זר, נידון ל- 55 חודשי מאסר בפועל.
בת""פ (מח' ת""א) 33745-01-13 מדינת ישראל נ' דסונה (28.10.13), הורשעה הנאשמת, אזרחית ברזיל, בעבירות של קשירת קשר לביצוע פשע, יבוא סמים והחזקת סמים שלא לשימוש עצמי. הנאשמת שימשה כבלדרית והכניסה ארצה כמות של 4 ק""ג סם מסוג קוקאין במזוודתה. הנאשמת אם לארבעה ילדים שחיים בארץ מוצאה בעוני קשה. נידונה ל- 3.5 שנות מאסר בפועל.
בת""פ (מח' חי') 56230-11-15‏ ‏ מדינת ישראל נ' טימיס (28.6.16), הורשעה נאשמת, אזרחית ספרד בעבירות של ייבוא סם והחזקת סם שלא לשימוש עצמי. הנאשמת ונאשם נוסף ייבאו בתוך גופם סם מסוג קוקאין במשקל כולל של 1.013 ק""ג ארצה. בית המשפט קבע כי מתחם העונש הינו בין 3 ל-5 שנות מאסר. נדונה ל- 3.5 שנות מאסר בפועל.","בת""פ (מח' ת""א) 33745-01-13 מדינת ישראל נ' דסונה (28.10.13), הורשעה הנאשמת, אזרחית ברזיל, בעבירות של קשירת קשר לביצוע פשע, יבוא סמים והחזקת סמים שלא לשימוש עצמי. הנאשמת שימשה כבלדרית והכניסה ארצה כמות של 4 ק""ג סם מסוג קוקאין במזוודתה. הנאשמת אם לארבעה ילדים שחיים בארץ מוצאה בעוני קשה. נידונה ל- 3.5 שנות מאסר בפועל.",1
"ת""פ (מח' חי') 56230-11-15","בת""פ (מח' ת""א) 33745-01-13 מדינת ישראל נ' דסונה (28.10.13), הורשעה הנאשמת, אזרחית ברזיל, בעבירות של קשירת קשר לביצוע פשע, יבוא סמים והחזקת סמים שלא לשימוש עצמי. הנאשמת שימשה כבלדרית והכניסה ארצה כמות של 4 ק""ג סם מסוג קוקאין במזוודתה. הנאשמת אם לארבעה ילדים שחיים בארץ מוצאה בעוני קשה. נידונה ל- 3.5 שנות מאסר בפועל.
בת""פ (מח' חי') 56230-11-15‏ ‏ מדינת ישראל נ' טימיס (28.6.16), הורשעה נאשמת, אזרחית ספרד בעבירות של ייבוא סם והחזקת סם שלא לשימוש עצמי. הנאשמת ונאשם נוסף ייבאו בתוך גופם סם מסוג קוקאין במשקל כולל של 1.013 ק""ג ארצה. בית המשפט קבע כי מתחם העונש הינו בין 3 ל-5 שנות מאסר. נדונה ל- 3.5 שנות מאסר בפועל.
במסגרת הנסיבות הקשורות בביצוע העבירה (סעיף 40 ט' לחוק), יש לתת את הדעת לנסיבות הבאות:","בת""פ (מח' חי') 56230-11-15‏ ‏ מדינת ישראל נ' טימיס (28.6.16), הורשעה נאשמת, אזרחית ספרד בעבירות של ייבוא סם והחזקת סם שלא לשימוש עצמי. הנאשמת ונאשם נוסף ייבאו בתוך גופם סם מסוג קוקאין במשקל כולל של 1.013 ק""ג ארצה. בית המשפט קבע כי מתחם העונש הינו בין 3 ל-5 שנות מאסר. נדונה ל- 3.5 שנות מאסר בפועל.",1
"ת""פ (מח' מרכז) 737-10-13","התכנון שקדם לביצוע העבירה; למעשיו של הנאשם קדם תכנון. הנאשם טס לגרמניה, שם קיבל לידיו את המזוודה מאחרים שזהותם אינה ידועה, במטרה להביאה, על תכולתה, ארצה.
חלקו היחסי של הנאשם בביצוע העבירה ומידת ההשפעה של אחר על הנאשם בביצוע העבירה; אין ספק כי שולחי הנאשם, אשר זהותם אינה ידועה, מהווים את החוליה המרכזית בתחום הפצת הסמים וראויים הם לענישה מחמירה. עם זאת, לא ניתן להתעלם מכך שתפקידו של הנאשם אינו שולי, גם אם חלקו הסתכם בבלדרות בלבד, והוא אשר מאפשר את הובלת הסם והפצתו. גם אם תפקידו של הנאשם לא מהווה את החוליה המרכזית בשרשרת הפצת הסם הרי שתפקידו בה הוא חיוני (בהקשר זה ראו למשל ת""פ (מח' מרכז) 737-10-13 מדינת ישראל נ' לופז (6.11.14)).
הנזק שהיה צפוי להיגרם מביצוע העבירה; אין ספק בדבר הנזק הרב שעלול היה להיגרם אילו היו מגיעים הסמים לידי סוחרי הסמים ומופצים לציבור, וזאת לנוכח סוג הסם וכמותו.","גם אם תפקידו של הנאשם לא מהווה את החוליה המרכזית בשרשרת הפצת הסם הרי שתפקידו בה הוא חיוני (בהקשר זה ראו למשל ת""פ (מח' מרכז) 737-10-13 מדינת ישראל נ' לופז (6.11.14)).",0
