,"ת""פ 16420-10-16","ת""פ 1995-03-17","ת""פ 21139-04-17","ת""פ 13632-08-17","ת""פ 17856-06-17","ת""פ 11786-06-16","ת""פ 22830-12-17","ת""פ 20051-12-17","ת""פ 26417-03-17","ת""פ 229-08-16","ת""פ 28615-08-17","ת""פ 31034-06-17","ת""פ 32659-05-18","ת""פ 31661-09-17","ת""פ 32803-12-17","ת""פ 33009-05-16","ת""פ 3295-04-18","ת""פ 395-05-17","ת""פ 38154-09-17","ת""פ 34003-04-18","ת""פ 32889-12-17","ת""פ 3742-07-18","ת""פ 40313-09-15","ת""פ 45561-04-17","ת""פ 41855-07-16","ת""פ 34413-09-17","ת""פ 42697-05-18","ת""פ 45713-07-17","ת""פ 45747-05-17","ת""פ 34027-04-18","ת""פ 48435-02-17","ת""פ 49772-11-16","ת""פ 47161-08-17","ת""פ 49416-04-18","ת""פ 50556-08-17","ת""פ 42291-02-16","ת""פ 51038-02-17","ת""פ 51523-10-17","ת""פ 49995-09-17","ת""פ 50551-03-18","ת""פ 520-07-17","ת""פ 522-05-17","ת""פ 55908-09-17","ת""פ 52219-06-17","ת""פ 55670-06-17","ת""פ 57618-05-17","ת""פ 52479-01-18","ת""פ 613-04-17","ת""פ 630-02-18","ת""פ 633-05-17","ת""פ 59812-02-16","ת""פ 57628-05-17","ת""פ 41522-05-18","ת""פ 19438-03-18","ת""פ 12376-10-18","תפ""ח 33226-10-18","ת""פ 17941-11-18","ת""פ 54308-12-18","ת""פ 43752-01-19","ת""פ 53615-01-19","ת""פ 23872-02-19","ת""פ 1316-04-19","ת""פ 22030-04-19","ת""פ 27294-04-19","ת""פ 11104-07-19","ת""פ 7735-04-19","ת""פ 56488-05-19","ת""פ 52390-06-19","ת""פ 14115-07-19","ת""פ 4411-07-19","ת""פ 54607-07-19","ת""פ 1203-08-19","ת""פ 35979-08-19","ת""פ 5221-11-19","ת""פ 5578-08-19","ת""פ 28326-10-19","ת""פ 58524-11-19","ת""פ 40898-11-19","ת""פ 15423-12-19","ת""פ 15772-11-19","ת""פ 9355-10-19","ת""פ 68368-12-19","ת""פ 4664-01-20","ת""פ 58511-01-20","ת""פ 62688-01-20","ת""פ 17935-01-20","ת""פ 40815-12-19","ת""פ 58505-11-19","ת""פ 20477-02-20","ת""פ 48867-03-20","ת""פ 66430-05-20","ת""פ 44381-05-20","ת""פ 16370-02-20","ת""פ 15744-02-20","ת""פ 20425-02-20","ת""פ 34084-03-20","ת""פ 46108-06-20","ת""פ 59369-03-18","ת""פ 21029-10-19","ת""פ 13270-02-20","ת""פ 24000-05-20","ת""פ 14044-03-20","ת""פ 44877-06-13","ת""פ 19260-06-14","ת""פ 66310-07-17","ת""פ 42976-08-17","ת""פ 2058-09-17","ת""פ 48143-09-17","ת""פ 10476-12-17","ת""פ 62597-10-17","ת""פ 4795-12-17","ת""פ 35364-01-18","ת""פ 732-01-18","ת""פ 35163-03-18","ת""פ 36982-03-18","ת""פ 35608-04-18","ת""פ 53496-03-18","ת""פ 52225-03-18","ת""פ 37387-04-18","ת""פ 57822-04-18","ת""פ 32731-05-18","ת""פ 36728-06-18","ת""פ 47284-06-18","ת""פ 50330-07-18","ת""פ 60648-07-18","ת""פ 60792-07-18","ת""פ 8864-08-18","ת""פ 39800-09-18","ת""פ 1118-10-18","ת""פ 26434-10-18","ת""פ 30972-10-18","ת""פ 69640-10-18","ת""פ 8310-10-18","ת""פ 18300-11-18","ת""פ 58698-11-18","ת""פ 36698-12-18","ת""פ 11134-01-19","ת""פ 17860-01-19","ת""פ 61759-02-19","ת""פ 27929-03-19","ת""פ 1641-04-19","ת""פ 56374-05-19","ת""פ 22765-09-19","ת""פ 54384-09-19","ת""פ 4788-09-15","ת""פ 21813-09-16","ת""פ 54732-03-18","ת""פ 35683-04-18","ת""פ 23532-07-18","ע""פ 1235/09","ע""פ 761/07","ע""פ 5220/09","ע""פ 9373/10","ע""פ 4329/10","ע""פ 8956/10","ע""פ 5203/10","ע""פ 2251/11","ע""פ 4435/11","ע""פ 5604/11","ע""פ 3156/11","ע""פ 2405/12","ע""פ 8731/12","ע""פ 2422/14","ע""פ 6327/17","ע""פ 8133/15","ע""פ 649/15","ע""פ 6347/17","ע""פ 6928/17","ע""פ 9702/16","ע""פ 3336/18","ע""פ 135/17","ע""פ 3511/17","ע""פ 4945/13","ע""פ 1768/14","ע""פ 5643/14","ע""פ 448/15","ע""פ 780/16","ע""פ 3877/16","ע""פ 390/17","ע""פ 5004/17","ע""פ 8045/17","ע""פ 2802/18","ע""פ 2826/19","ע""פ 4530/19","ע""פ 5968/19","ע""פ 5373/12","ע""פ 4154/16","ע""פ 8207/19","ע""פ 8845/15","ע""פ 1509/20","ע""פ 5323/12","ע""פ 4977/06","ע""פ 2638/10","ע""פ 2839/05","ע""פ 5717/14","ע""פ 5677/12","ע""פ 2398/14","ע""פ 5681/14","ע""פ 1928/15","ע""פ 8846/15","ע""פ 401/16","ע""פ 6558/16","ע""פ 2834/18"
"ת""פ 16420-10-16",0.9999999,0.51829445,0.5881809,0.5427631,0.7357583,0.8625926,0.68253505,0.6684973,0.7275504,0.68732643,0.612123,0.9028717,0.6737865,0.5781536,0.79268,0.7084606,0.8300289,0.7045037,0.57832646,0.63511217,0.5812982,0.6495561,0.8015276,0.6542438,0.87617207,0.60372615,0.83127534,0.69376284,0.67666423,0.5404125,0.6004014,0.6634556,0.731192,0.87079287,0.69032764,0.6331514,0.6826769,0.74379873,0.72267723,0.687937,0.8994055,0.5777589,0.7064886,0.84272766,0.6193588,0.63296103,0.835555,0.832157,0.78859556,0.70742506,0.6114193,0.79159665,0.84553385,0.62780976,0.76203185,0.5974213,0.8149762,0.733402,0.61843485,0.8550285,0.57949823,0.5682833,0.62903297,0.6319536,0.62325954,0.6524769,0.68199456,0.59131765,0.76182723,0.54928386,0.5987505,0.5984506,0.76936054,0.63857996,0.73454046,0.9196574,0.6175301,0.8909272,0.82850736,0.6307582,0.6440854,0.6200564,0.644216,0.65543413,0.5675075,0.8469167,0.84837544,0.86430836,0.55432165,0.91098213,0.6189598,0.9064108,0.67482007,0.62247497,0.6912819,0.6161692,0.68710005,0.8931645,0.872704,0.80789644,0.6527277,0.9017095,0.6766206,0.5839491,0.7601855,0.72191334,0.59990305,0.89580894,0.62528026,0.8933699,0.7487868,0.6106702,0.6784942,0.72995126,0.6324011,0.6108388,0.6990524,0.9004134,0.5738778,0.651437,0.6652496,0.75089335,0.8173272,0.58475685,0.63933575,0.6545546,0.8611779,0.8303874,0.58024895,0.6875082,0.62922907,0.64109087,0.81514347,0.8410138,0.769648,0.9141785,0.62859637,0.7686517,0.55747473,0.57810414,0.72727716,0.83798486,0.8377664,0.9128028,0.7503519,0.84342813,0.6786922,0.5848278,0.6981762,0.8069457,0.89785063,0.8357458,0.8165318,0.7261704,0.8504168,0.7451565,0.6534683,0.8358891,0.79636884,0.82085097,0.90566325,0.85774875,0.71538246,0.89181376,0.7034351,0.74355775,0.8219903,0.5491135,0.76891863,0.8058071,0.7769776,0.59854424,0.52687013,0.62684786,0.63259155,0.49023497,0.8395251,0.76030207,0.87403667,0.8749707,0.737293,0.5110016,0.5442077,0.6296464,0.5331017,0.6115118,0.6592664,0.52379286,0.77162814,0.839226,0.75111604,0.7722399,0.7583294,0.7867061,0.83959377,0.7118455,0.7674858,0.8667921,0.8030633,0.8251848,0.71693456,0.5386575,0.6883172
"ת""פ 1995-03-17",0.51829445,1.0000001,0.8041939,0.8068263,0.69183284,0.40076536,0.686326,0.7874944,0.7782631,0.8024743,0.8197192,0.529541,0.7967744,0.8039581,0.7006457,0.78781796,0.6824274,0.78097194,0.8116286,0.81930876,0.8256809,0.745265,0.7490475,0.84396696,0.6394093,0.80613625,0.705204,0.69756556,0.7754432,0.79606605,0.8134414,0.740829,0.8100352,0.6041901,0.79712397,0.7838739,0.773026,0.7574747,0.74968284,0.752548,0.49534488,0.80797446,0.73758644,0.65418345,0.7601584,0.8060496,0.6731782,0.5514333,0.7367215,0.7595432,0.7982142,0.71510947,0.6720303,0.807795,0.7127194,0.76830363,0.7339568,0.7002349,0.7684223,0.68870825,0.8089117,0.8240098,0.7605742,0.7922235,0.756937,0.808185,0.8002221,0.8031206,0.7328768,0.8223363,0.73163426,0.81533873,0.7385099,0.7177352,0.7188505,0.49473366,0.78034616,0.54489326,0.59764594,0.80501115,0.7975191,0.8260113,0.78955734,0.7718097,0.70495886,0.6856934,0.67956555,0.4186913,0.81085795,0.41805562,0.80925125,0.5220843,0.7346348,0.6961287,0.814643,0.8056452,0.81936777,0.53654414,0.48949927,0.64652765,0.82902795,0.5357589,0.790661,0.8116965,0.7711501,0.7029705,0.776868,0.6353251,0.7780405,0.49778545,0.45750776,0.8035077,0.7962431,0.73125625,0.79690707,0.78116024,0.7308569,0.5646612,0.8529999,0.81894106,0.78333545,0.7291193,0.7265324,0.80925655,0.78938687,0.7749715,0.59730244,0.7165082,0.79017586,0.759151,0.754403,0.7768985,0.70883787,0.6781054,0.7046876,0.51428133,0.75459456,0.75291747,0.816436,0.8065734,0.76936567,0.62892216,0.6854436,0.54939514,0.69759226,0.6727362,0.7694808,0.80404603,0.7761971,0.72678715,0.5159806,0.55578583,0.5216352,0.49277556,0.5173623,0.5842756,0.8062447,0.6518253,0.5513114,0.5640158,0.46191463,0.5457502,0.6768856,0.593735,0.71732116,0.697041,0.5654493,0.81575847,0.6861671,0.59377944,0.54607576,0.80772555,0.42266375,0.80883586,0.7991555,0.4783796,0.5344142,0.72526383,0.6164056,0.50665224,0.74477977,0.4519288,0.4239117,0.76779556,0.42864037,0.7780223,0.7934172,0.75879824,0.48902845,0.56382716,0.66536546,0.61801386,0.6254333,0.5352216,0.5416118,0.77200294,0.506978,0.55110157,0.54013586,0.5019052,0.73457634,0.4186207,0.76578414
"ת""פ 21139-04-17",0.5881809,0.8041939,1.0,0.82279426,0.7470129,0.5160589,0.72104007,0.8227769,0.8337843,0.8771876,0.8611676,0.61657417,0.81980455,0.85655,0.7412251,0.84139735,0.7388186,0.82800364,0.8681338,0.8453803,0.82274693,0.86960727,0.8193176,0.827296,0.7215042,0.84278387,0.7917563,0.70704865,0.85912716,0.85718703,0.8287971,0.83617604,0.84128046,0.69761133,0.82036567,0.790599,0.842831,0.8153181,0.772742,0.8020524,0.5895556,0.81318486,0.7813779,0.71674293,0.8127948,0.8340919,0.77977526,0.5946256,0.77321374,0.7757988,0.84664905,0.78153265,0.74701345,0.8652618,0.7450152,0.84333885,0.78400636,0.7228422,0.83929014,0.7505315,0.85304475,0.86229825,0.78800696,0.81630015,0.81620544,0.8472825,0.8177215,0.85610354,0.79859203,0.8375889,0.7885778,0.84315526,0.79090023,0.77597463,0.8137567,0.5787784,0.83717,0.63319397,0.63587695,0.84043294,0.8504852,0.87674844,0.79794884,0.8056469,0.79141545,0.7231734,0.78746486,0.53380597,0.88420856,0.49635607,0.8353684,0.61310756,0.7618332,0.80682874,0.8541922,0.8635853,0.8741641,0.61917216,0.6076009,0.74558204,0.8424919,0.5847139,0.8490007,0.8691155,0.8047992,0.8060963,0.8194433,0.68946993,0.7941141,0.6164048,0.6200266,0.87185895,0.8520134,0.785697,0.8515524,0.8469442,0.7880214,0.6617646,0.8534635,0.8236048,0.83379114,0.8268511,0.7626424,0.90572876,0.8298564,0.7781117,0.7000666,0.75886464,0.9051806,0.7883494,0.8145335,0.8590114,0.795452,0.727559,0.7853757,0.61318755,0.7920195,0.81050587,0.83146495,0.83856475,0.7837836,0.6886208,0.76123065,0.6200477,0.7281333,0.71162033,0.8624407,0.8422477,0.8088412,0.7565606,0.6034304,0.60462606,0.580888,0.58533955,0.5684558,0.6214173,0.8461387,0.7473902,0.6068078,0.60017353,0.54405785,0.63231736,0.7325946,0.67798686,0.8221878,0.7421806,0.59654266,0.80536234,0.71803385,0.6332836,0.53622735,0.7400839,0.42458105,0.8701789,0.8489276,0.45140386,0.587628,0.8039738,0.68959785,0.60920596,0.80925083,0.44508085,0.43402708,0.73313427,0.42794967,0.7591181,0.82906115,0.7787118,0.4736084,0.6133315,0.71402645,0.6568321,0.642655,0.577448,0.5590638,0.79268754,0.55849326,0.5963032,0.56815755,0.5479131,0.7263872,0.42675447,0.7964103
"ת""פ 13632-08-17",0.5427631,0.8068263,0.82279426,0.9999997,0.735971,0.46587938,0.71410406,0.7740302,0.8266572,0.83118343,0.83582044,0.58411026,0.77810967,0.8807322,0.73400664,0.8080349,0.73073435,0.8178354,0.8678323,0.8482846,0.88097894,0.80724406,0.7676337,0.81613576,0.6785778,0.82387507,0.753662,0.6928493,0.86538017,0.86654335,0.8618448,0.80272627,0.8422551,0.66995883,0.82881457,0.87465703,0.87579644,0.8139825,0.7693585,0.843904,0.54315263,0.9080086,0.793079,0.6814767,0.8608052,0.85608345,0.7315499,0.58687174,0.79200315,0.84763503,0.8756765,0.76114,0.71781343,0.88985944,0.77620435,0.83023286,0.781366,0.71271265,0.8379622,0.72259516,0.86617994,0.8885708,0.7865744,0.84962904,0.85274285,0.838529,0.8176068,0.8978594,0.800043,0.85662854,0.81475085,0.85536027,0.7859833,0.7875115,0.7802143,0.56115,0.8513856,0.59378713,0.59031975,0.834234,0.85922176,0.84247935,0.8504661,0.8259844,0.76736546,0.7166431,0.71530783,0.47740254,0.87715846,0.4642943,0.908358,0.58406293,0.81277144,0.78668624,0.86173475,0.87705904,0.8392219,0.5845788,0.5566611,0.7127861,0.82886064,0.5409601,0.8262335,0.86204743,0.78417456,0.77706236,0.7707063,0.67060167,0.781932,0.55663437,0.51076937,0.86132854,0.843835,0.7813741,0.84860486,0.85006976,0.81355524,0.60198957,0.88633144,0.7970307,0.83116806,0.82640207,0.741654,0.89214647,0.89091533,0.79660106,0.659678,0.77778494,0.85016465,0.79948354,0.8851627,0.8500977,0.74955666,0.70368075,0.78155035,0.56752646,0.79124564,0.78585345,0.8478415,0.8597971,0.7741345,0.67790735,0.72607756,0.5791782,0.7323884,0.7225187,0.839852,0.85929364,0.76940435,0.7046876,0.545997,0.5639081,0.55716413,0.56079495,0.5478904,0.6235995,0.86765206,0.6798799,0.57214504,0.5736877,0.51837087,0.5900483,0.74591243,0.62133646,0.7570286,0.72252536,0.5814748,0.78790367,0.7117162,0.55787694,0.5560835,0.69610465,0.41945738,0.8799809,0.872769,0.46344537,0.5834074,0.7813099,0.6285682,0.5549423,0.7700771,0.45908397,0.4370485,0.76229703,0.41595483,0.7732231,0.8268226,0.82997483,0.4614637,0.5800457,0.70572585,0.6645652,0.6049887,0.51607835,0.55618846,0.7604548,0.5351486,0.55442965,0.52605593,0.48670384,0.68174034,0.43015224,0.7885319
"ת""פ 17856-06-17",0.7357583,0.69183284,0.7470129,0.735971,1.0,0.6481247,0.8393482,0.7912518,0.8698604,0.8094602,0.7908765,0.7778404,0.84577894,0.75623834,0.8053266,0.86330473,0.87615025,0.85479814,0.7455013,0.78288245,0.7732431,0.7862836,0.8547183,0.8012367,0.8624333,0.79881895,0.8632618,0.78126174,0.83739996,0.6936778,0.7526802,0.7545495,0.8543049,0.84274244,0.8223732,0.7829801,0.8347442,0.8344754,0.8882377,0.78973824,0.7642572,0.79420984,0.78327775,0.84642684,0.7331246,0.8141345,0.8480756,0.779468,0.892671,0.8330116,0.7859808,0.8347363,0.83641016,0.7849889,0.8017243,0.7796608,0.82704747,0.7591654,0.73031,0.8601648,0.74107516,0.7185307,0.80048144,0.80587333,0.7469912,0.7723075,0.8079086,0.72161746,0.8722735,0.70867234,0.7479747,0.792603,0.8369726,0.7035822,0.8536396,0.7251252,0.7615047,0.76246,0.75814724,0.77913874,0.8089094,0.77523506,0.77723837,0.7811723,0.684126,0.80314994,0.81884015,0.673033,0.72168785,0.6699194,0.7952487,0.7699504,0.86542434,0.7662301,0.8007736,0.7841051,0.843681,0.7792803,0.72382057,0.7624923,0.7992668,0.7828866,0.7927608,0.7892561,0.8767692,0.790009,0.74545014,0.8326447,0.8133191,0.75467384,0.60026926,0.7745358,0.81007695,0.8248428,0.77908695,0.7439293,0.78066623,0.78085065,0.77183187,0.76016164,0.81177354,0.8469097,0.88376284,0.73118865,0.7896116,0.83699775,0.7723494,0.8431672,0.7591956,0.82247204,0.7749164,0.7947992,0.8197176,0.81875896,0.85894287,0.7632549,0.80467063,0.85780865,0.7334787,0.7431767,0.85813004,0.80034995,0.8543227,0.7866075,0.84253263,0.86271596,0.8501657,0.73283005,0.78166723,0.791908,0.756806,0.7263434,0.7282932,0.7221991,0.68403304,0.74033856,0.79054517,0.82293224,0.7366586,0.7195748,0.70489454,0.75340664,0.6955555,0.76447546,0.80620515,0.8018425,0.71874976,0.7382337,0.82973343,0.71058726,0.65060985,0.6942246,0.4332689,0.7706553,0.763197,0.47258064,0.68626267,0.8153467,0.75874627,0.7294073,0.78421247,0.45884317,0.45988607,0.7703569,0.44943082,0.7401644,0.74244547,0.6606384,0.6199912,0.717491,0.7671497,0.6901261,0.6585534,0.6680198,0.6543589,0.815663,0.7206133,0.71726805,0.65898746,0.6293245,0.77975976,0.4530676,0.7816199
"ת""פ 11786-06-16",0.8625926,0.40076536,0.5160589,0.46587938,0.6481247,0.99999994,0.60556984,0.5636443,0.6427345,0.5922037,0.49839517,0.7894316,0.5295229,0.52112085,0.7469972,0.6105879,0.74625313,0.60817766,0.5152575,0.5477566,0.53356063,0.60279477,0.7001424,0.52519417,0.797884,0.4985401,0.75574446,0.52320725,0.5710289,0.47886592,0.4697051,0.6090894,0.6483292,0.7877532,0.5804751,0.5761827,0.599929,0.68126744,0.6509954,0.6135895,0.8547984,0.5055871,0.5801619,0.76233685,0.49798143,0.5318621,0.782123,0.67166495,0.70831454,0.63215554,0.55560195,0.68892795,0.7216506,0.5350486,0.6237909,0.49034497,0.6851226,0.57111573,0.5089778,0.74264836,0.4882478,0.5127359,0.51879346,0.51308906,0.5841884,0.54379755,0.5748935,0.52959347,0.65603936,0.43594837,0.541216,0.514829,0.6582881,0.48811615,0.64054096,0.84565145,0.5795925,0.8392174,0.6637345,0.5003936,0.5502237,0.5238123,0.5725528,0.53272474,0.5258003,0.71480304,0.7778345,0.9649762,0.47897,0.90002173,0.5256773,0.850524,0.55542445,0.5907777,0.6088713,0.5634702,0.5911579,0.829834,0.86092865,0.7359043,0.5222115,0.8175943,0.60106564,0.49756238,0.65798175,0.6730629,0.45494497,0.77622914,0.49053067,0.8306647,0.74064237,0.49946868,0.60238105,0.6760212,0.5562114,0.5306739,0.5772251,0.8379824,0.479361,0.5395523,0.54204565,0.64227253,0.7358809,0.5196488,0.55497575,0.5413067,0.82020885,0.7684244,0.52064276,0.55160046,0.5340003,0.5807001,0.7160138,0.7296739,0.66778195,0.8565242,0.51911974,0.70160234,0.4563719,0.4682758,0.61077505,0.7497566,0.7376816,0.85013306,0.67407215,0.77335596,0.6276855,0.5029674,0.5491965,0.6839856,0.8034353,0.6991985,0.7324039,0.633955,0.6682886,0.6108837,0.55461645,0.7134595,0.6996336,0.71375066,0.8657013,0.7175675,0.5991545,0.84113264,0.5893818,0.5895909,0.7067101,0.3936308,0.60953283,0.6502546,0.59837186,0.42681924,0.42087686,0.5491352,0.5746743,0.39919168,0.69037676,0.636786,0.77972627,0.82556653,0.6765655,0.41791755,0.46173483,0.47223604,0.42080206,0.44638473,0.5609467,0.4287688,0.57098734,0.65919757,0.60234857,0.58740747,0.5641655,0.61622787,0.6475024,0.5771436,0.6712955,0.7256907,0.60585606,0.6500969,0.5470247,0.44455516,0.6229532
"ת""פ 22830-12-17",0.68253505,0.686326,0.72104007,0.71410406,0.8393482,0.60556984,1.0000001,0.76102626,0.85884356,0.7928368,0.776227,0.7037728,0.7862508,0.77521974,0.82195604,0.85078514,0.832254,0.8235916,0.7470051,0.8054021,0.78842753,0.77327,0.84023,0.7628029,0.79630744,0.7569051,0.8319317,0.7290893,0.78816205,0.70440394,0.70582044,0.75489354,0.8423121,0.7791251,0.7721542,0.80649626,0.80612147,0.8637341,0.83608544,0.802416,0.7230074,0.7469102,0.7473082,0.79964864,0.7197256,0.7836025,0.79724383,0.72531354,0.84670454,0.789435,0.7665366,0.78290683,0.7796186,0.79280466,0.7413476,0.7265179,0.78605616,0.7263609,0.7200024,0.8017075,0.7494905,0.7451011,0.79028237,0.75838435,0.7310535,0.72793514,0.79862475,0.74674284,0.79427636,0.7040444,0.69092464,0.78487265,0.8184837,0.65898114,0.7866953,0.6887996,0.83494925,0.74217355,0.73367614,0.75593483,0.7931746,0.76833147,0.81011546,0.7388591,0.65272623,0.77852035,0.7753806,0.62954056,0.74505997,0.59543765,0.7935569,0.7175232,0.79406726,0.741328,0.8030687,0.80849075,0.8125461,0.7425635,0.6873073,0.7513861,0.7844379,0.719013,0.7816078,0.7559348,0.84241927,0.7511457,0.7031373,0.788502,0.7599653,0.70106757,0.5831678,0.7429717,0.82081735,0.8365924,0.7768672,0.773312,0.7335148,0.7341163,0.7703512,0.7810703,0.7989152,0.7993672,0.8663399,0.73800564,0.7733099,0.77199507,0.73021805,0.82176435,0.7170384,0.76465464,0.7283315,0.8076258,0.79654884,0.77967596,0.7901761,0.72303295,0.7709486,0.8569733,0.73397213,0.76740324,0.78905666,0.77018034,0.8005576,0.7566632,0.85718733,0.8403623,0.8299283,0.76491255,0.7260517,0.7635305,0.70704246,0.6946831,0.73411393,0.69041824,0.6748972,0.6967336,0.78142595,0.77258074,0.7127049,0.7299988,0.64832574,0.77608025,0.67293227,0.74820566,0.74937433,0.7279706,0.72040856,0.6899183,0.7553581,0.716412,0.60144544,0.65244544,0.42134744,0.7912898,0.7657609,0.4520381,0.6359921,0.75892925,0.6852334,0.68189144,0.75949067,0.4370991,0.44963753,0.7135029,0.43581522,0.7000125,0.74034476,0.6790309,0.5706312,0.690213,0.72123945,0.6164237,0.6061791,0.6343536,0.6451571,0.7266129,0.7137848,0.68789506,0.63420486,0.59131277,0.72662014,0.43996206,0.8253375
"ת""פ 20051-12-17",0.6684973,0.7874944,0.8227769,0.7740302,0.7912518,0.5636443,0.76102626,1.0,0.88033736,0.8855257,0.8785335,0.68199927,0.8723135,0.83411586,0.74195504,0.8888521,0.7769674,0.80962235,0.81135285,0.83240306,0.82203615,0.8318645,0.8281662,0.8623857,0.75760716,0.8421835,0.80526096,0.76163256,0.8647097,0.7956593,0.84537065,0.8108138,0.8842161,0.73516226,0.89529324,0.78983104,0.84625185,0.7971109,0.83592606,0.81537855,0.6466198,0.7960428,0.8222232,0.75895256,0.80325645,0.8796164,0.7781678,0.6249518,0.8295429,0.80987966,0.86391604,0.78687656,0.81021,0.8428255,0.8376783,0.82106376,0.8210957,0.8244553,0.82562375,0.8122382,0.8276584,0.8350979,0.8439449,0.8541525,0.79987705,0.859882,0.88579464,0.8296697,0.8664771,0.80449295,0.8293281,0.848413,0.8515456,0.81608117,0.8159696,0.6347172,0.8188716,0.6610675,0.6714971,0.8809693,0.8551308,0.8801532,0.8038991,0.8053018,0.7834487,0.7850195,0.7630479,0.5731502,0.82016367,0.591144,0.82848185,0.64483404,0.8269948,0.7613902,0.83616734,0.8187971,0.8718587,0.67162335,0.62004006,0.7231358,0.8751169,0.64357483,0.8736886,0.81446075,0.8248678,0.82520276,0.8438739,0.75041413,0.85353434,0.65660816,0.534172,0.84551084,0.86604846,0.8008671,0.8343338,0.83544964,0.8185928,0.690465,0.8323491,0.85487235,0.83609796,0.8493531,0.7772629,0.8141263,0.82123876,0.86083055,0.7457279,0.8116801,0.81972855,0.84029317,0.7947433,0.81744385,0.82120526,0.79541194,0.8004494,0.6413542,0.82885695,0.8209121,0.8119357,0.7864069,0.87905246,0.74184144,0.8168561,0.6829425,0.8316363,0.7682389,0.8850684,0.8163198,0.81341136,0.75100774,0.6609858,0.6218779,0.6399051,0.58345115,0.61158913,0.6298454,0.7829511,0.7922814,0.64529455,0.6209065,0.6220757,0.6725057,0.67945874,0.7061477,0.8092741,0.78459406,0.6131569,0.8471348,0.72540754,0.65788,0.566239,0.7805445,0.44664907,0.8350082,0.8214644,0.45783693,0.63779944,0.77813756,0.7391599,0.6529987,0.77000064,0.44807848,0.44200087,0.7696105,0.44063258,0.8233759,0.78720474,0.7697098,0.5572834,0.655446,0.74593854,0.66683185,0.6920196,0.59023625,0.6229528,0.7685195,0.5767255,0.65653783,0.60086703,0.5927669,0.7594842,0.44276458,0.80155915
"ת""פ 26417-03-17",0.7275504,0.7782631,0.8337843,0.8266572,0.8698604,0.6427345,0.85884356,0.88033736,0.9999994,0.900383,0.9005074,0.7580766,0.90298086,0.86532724,0.83138484,0.9341866,0.89093083,0.9086137,0.8435256,0.87413883,0.86039984,0.8695177,0.9113618,0.8759334,0.86135244,0.8772061,0.9061116,0.82285094,0.9023802,0.82217646,0.84699434,0.8661227,0.92774445,0.8480556,0.9176327,0.86323166,0.912174,0.9138689,0.9022597,0.86039597,0.75134736,0.83888286,0.86391497,0.8353151,0.8567277,0.8948389,0.89670646,0.7397656,0.9089025,0.85204166,0.8758249,0.87058574,0.8738176,0.8900737,0.85947895,0.80490375,0.8815627,0.84348357,0.85861135,0.88614,0.83349293,0.8459197,0.8921374,0.87744045,0.83602333,0.8930211,0.90973127,0.85989666,0.9117219,0.81220853,0.8191201,0.89544296,0.91520756,0.80274224,0.88745475,0.72205436,0.8504215,0.75305,0.7634412,0.8686035,0.9057861,0.8765986,0.85923076,0.8566818,0.7795671,0.8576963,0.8572799,0.6620198,0.8427913,0.6467643,0.8744276,0.7433727,0.9152766,0.8215035,0.9046884,0.88674325,0.90772736,0.7836933,0.7217313,0.81658787,0.89875007,0.7510648,0.8746121,0.85451645,0.9273659,0.8636649,0.82054067,0.83624256,0.8747102,0.7496972,0.62789524,0.86032474,0.91684103,0.87660265,0.87776005,0.85510254,0.8642727,0.78219664,0.85304,0.884056,0.9056029,0.90797347,0.8897923,0.8405796,0.8858695,0.8953667,0.8000276,0.9067455,0.85562027,0.87868917,0.81489533,0.8797343,0.89745903,0.86977375,0.91131926,0.75995684,0.823365,0.91982806,0.83425987,0.85598147,0.9079362,0.8326808,0.88709486,0.77172583,0.88156766,0.8710436,0.9091436,0.8433897,0.8478392,0.81161296,0.7411294,0.7146684,0.7444817,0.7137498,0.6955074,0.72794366,0.8548705,0.8562566,0.72387695,0.7123736,0.6770016,0.7690769,0.73858833,0.7832472,0.87124515,0.854286,0.71655947,0.81062603,0.84364676,0.7319107,0.638804,0.7526347,0.45809743,0.8844712,0.854187,0.48321456,0.69249225,0.8534633,0.77068067,0.71553296,0.83368945,0.4715741,0.47596994,0.82477427,0.46211904,0.8133832,0.82719314,0.7496501,0.60707784,0.72655976,0.8115436,0.70249104,0.7060304,0.67030346,0.682595,0.8316568,0.7032659,0.724441,0.6865833,0.63965535,0.80658686,0.47098452,0.8460145
"ת""פ 229-08-16",0.68732643,0.8024743,0.8771876,0.83118343,0.8094602,0.5922037,0.7928368,0.8855257,0.900383,1.0000002,0.8792752,0.6837166,0.8721743,0.883813,0.7925947,0.89935476,0.8074409,0.85568345,0.90093166,0.887715,0.8765749,0.88358486,0.85567045,0.8967749,0.7893094,0.8841524,0.85892487,0.7640644,0.9221568,0.85170746,0.86583894,0.8503805,0.90676165,0.7537646,0.8914767,0.87851894,0.9260457,0.85905325,0.849469,0.8482027,0.66212475,0.8753996,0.8548772,0.77198815,0.82225585,0.91512793,0.80804026,0.64653766,0.86134434,0.8855417,0.9090898,0.82288545,0.80474544,0.90278924,0.8411066,0.8692695,0.8604233,0.78957915,0.8642547,0.8230819,0.8651762,0.86677855,0.8801774,0.891984,0.85573024,0.8957579,0.88825893,0.890942,0.88371646,0.848592,0.8201135,0.89741874,0.8886527,0.80731034,0.8431065,0.6635898,0.8823061,0.67900676,0.6870035,0.9211482,0.9065133,0.93231577,0.87058926,0.82157004,0.7967371,0.78522456,0.8038306,0.6102521,0.8750316,0.6101414,0.8757924,0.67594504,0.8606485,0.84438455,0.8764247,0.9162841,0.9042859,0.68823993,0.65033734,0.7749898,0.8888695,0.6469284,0.8911103,0.87660813,0.850254,0.86530685,0.87345713,0.7976954,0.8777052,0.6690423,0.6005856,0.8898554,0.90009594,0.8386179,0.9276992,0.9062911,0.81160533,0.69009686,0.878122,0.873068,0.8830288,0.8961266,0.83176947,0.8905256,0.9008863,0.8454327,0.77120894,0.8484528,0.86839914,0.86053324,0.85914946,0.9117634,0.83814204,0.8146727,0.82504797,0.67296755,0.8743035,0.8823688,0.8559176,0.8567672,0.87754583,0.7469851,0.8384429,0.69306856,0.7988814,0.79260087,0.92664146,0.88634205,0.84346414,0.7776265,0.6546733,0.63762677,0.6315112,0.59549344,0.62852615,0.6211758,0.854349,0.8098274,0.6283748,0.6277021,0.63767415,0.672675,0.71064323,0.7273214,0.8326624,0.78044385,0.6414253,0.84000194,0.74077976,0.64931786,0.5655096,0.775774,0.40694606,0.8722375,0.9118055,0.433959,0.639278,0.8237822,0.74869,0.6385976,0.8131596,0.4213431,0.41697097,0.750309,0.40170783,0.82633555,0.83734614,0.81583035,0.5450177,0.64824617,0.7199886,0.691426,0.6592996,0.6003349,0.63143456,0.81550854,0.59330875,0.6505889,0.62416756,0.5631861,0.7602823,0.40818,0.8576114
"ת""פ 28615-08-17",0.612123,0.8197192,0.8611676,0.83582044,0.7908765,0.49839517,0.776227,0.8785335,0.9005074,0.8792752,1.0,0.64526963,0.91581726,0.8531953,0.7420852,0.8860464,0.79238576,0.8637808,0.82806206,0.8607716,0.84290254,0.825516,0.8811476,0.8793352,0.752956,0.8706952,0.8079754,0.84536076,0.88754797,0.82390296,0.9175733,0.8322838,0.87077916,0.7405665,0.9002098,0.804652,0.8920948,0.82274616,0.80641437,0.8337631,0.60088277,0.80743617,0.86236954,0.7411607,0.8697578,0.87332034,0.79212177,0.64862037,0.8203107,0.78553885,0.85777205,0.79963046,0.8433852,0.87867945,0.8684602,0.8272189,0.86375815,0.8378289,0.90563625,0.83517945,0.84007746,0.8467209,0.9053958,0.9306874,0.78998786,0.9160806,0.8665293,0.8477335,0.8777357,0.86511916,0.7931173,0.8948579,0.87967324,0.85121,0.8453748,0.61008924,0.82600915,0.63860935,0.72307444,0.9046458,0.92476106,0.897575,0.7969176,0.92403215,0.78680956,0.8292922,0.7863722,0.5109166,0.85173845,0.4984578,0.85419655,0.6277539,0.8535632,0.7854358,0.86887896,0.87613535,0.90172833,0.6448583,0.57962763,0.72981906,0.9311615,0.62361455,0.8293958,0.8603468,0.88189495,0.7844192,0.8470327,0.7540694,0.8872068,0.6309407,0.5453761,0.88063896,0.87724394,0.79468966,0.84702086,0.8616489,0.85558033,0.67643005,0.8651637,0.8461807,0.90866685,0.85729486,0.7871231,0.84567595,0.8488412,0.8888773,0.700949,0.8042145,0.85279137,0.8892771,0.79524547,0.8563939,0.8645222,0.81843686,0.8617962,0.6256733,0.8354405,0.83980167,0.8557413,0.8806032,0.87491965,0.74680597,0.82929397,0.6583927,0.7880578,0.75316894,0.864297,0.84175575,0.860292,0.75186884,0.62973285,0.6364749,0.638651,0.60338974,0.6241077,0.6629899,0.82714015,0.80237305,0.6412417,0.63908696,0.54026806,0.6846819,0.6990955,0.66638935,0.8556732,0.80793965,0.6193447,0.87536013,0.78984356,0.70683455,0.570368,0.7935993,0.42031425,0.8656545,0.80821615,0.46305573,0.6384944,0.82252896,0.67294556,0.59528756,0.77096915,0.44054306,0.43233973,0.85665464,0.42960274,0.84754944,0.8082145,0.7542961,0.5648594,0.6932262,0.77951324,0.69705635,0.7031795,0.62458503,0.645131,0.81458485,0.6134947,0.6491089,0.629882,0.61352086,0.7659465,0.4305539,0.7725675
"ת""פ 31034-06-17",0.9028717,0.529541,0.61657417,0.58411026,0.7778404,0.7894316,0.7037728,0.68199927,0.7580766,0.6837166,0.64526963,1.0000002,0.69143474,0.6058713,0.79755807,0.7394079,0.8706967,0.7512117,0.60078776,0.66500264,0.6136153,0.65328455,0.812381,0.63943005,0.895687,0.62668425,0.8400192,0.70022494,0.7088542,0.5762701,0.62168443,0.64637566,0.77613354,0.9135282,0.71807,0.6700922,0.6900653,0.78085554,0.7699742,0.71187323,0.92619324,0.60888803,0.6631146,0.8701589,0.6390511,0.6559468,0.85279346,0.9088196,0.84109926,0.69308364,0.6478684,0.7782576,0.86986774,0.65193605,0.74956614,0.6132412,0.80137646,0.7221576,0.62458146,0.867394,0.6024442,0.6110886,0.63518965,0.6552076,0.65348625,0.6669115,0.6884426,0.6221515,0.79631704,0.5705967,0.59590876,0.62114394,0.7706628,0.6668358,0.7792609,0.8996015,0.6405773,0.9187423,0.84965396,0.6404723,0.6805851,0.6295192,0.68040526,0.6779864,0.56331784,0.8355119,0.86365473,0.8009511,0.58838326,0.81573254,0.673569,0.9265361,0.71436065,0.6301191,0.71686673,0.62283134,0.71710944,0.9148731,0.9093455,0.81744856,0.6813359,0.9395063,0.6786337,0.6067651,0.7995147,0.7398644,0.6000602,0.8519734,0.63527286,0.9286277,0.7015563,0.6172054,0.68507195,0.78182876,0.6376902,0.6324804,0.7289033,0.9342028,0.5913444,0.6524955,0.6787199,0.75702316,0.8416848,0.6164148,0.6577313,0.67133427,0.7945534,0.829489,0.6004293,0.68347454,0.6538368,0.65333974,0.80969346,0.844091,0.78014386,0.9183267,0.6284572,0.7867265,0.5894352,0.61228615,0.7596615,0.8706157,0.828165,0.93029857,0.786101,0.87281996,0.6869018,0.6074971,0.7256728,0.8213215,0.9315673,0.8761873,0.8594141,0.8003725,0.8472881,0.83422226,0.6798606,0.8355607,0.8318454,0.8449472,0.83586353,0.8660495,0.7641653,0.8851101,0.71437997,0.7532686,0.8612034,0.5666456,0.81262904,0.84665596,0.82651067,0.59550464,0.5039635,0.66203594,0.65550965,0.47429568,0.8546357,0.77601635,0.8453076,0.9018382,0.76019275,0.4992996,0.52353126,0.68475485,0.51757634,0.6296007,0.71681815,0.5684929,0.7634468,0.8659663,0.84586525,0.78801763,0.7567388,0.8189937,0.83704114,0.7298716,0.8247782,0.85466576,0.8181406,0.82937014,0.7422847,0.51907134,0.70576525
"ת""פ 32659-05-18",0.6737865,0.7967744,0.81980455,0.77810967,0.84577894,0.5295229,0.7862508,0.8723135,0.90298086,0.8721743,0.91581726,0.69143474,1.0,0.8032974,0.7250782,0.8794832,0.82609177,0.86985433,0.8222325,0.83751786,0.79236823,0.79526067,0.88192046,0.8851378,0.79976225,0.87020016,0.8364173,0.86494505,0.8702688,0.7897607,0.86942697,0.78171957,0.85360646,0.7817607,0.87744683,0.7837158,0.8624283,0.8208746,0.8445835,0.8113215,0.6668398,0.7785171,0.8612884,0.7786299,0.8453022,0.8568683,0.7987045,0.71482635,0.84216326,0.7927075,0.81509286,0.83323526,0.8524426,0.852859,0.86224437,0.8128865,0.8682319,0.8213811,0.8356418,0.84874785,0.8271303,0.80813986,0.89578193,0.89787436,0.7671983,0.885566,0.8553047,0.79265475,0.8865348,0.83096147,0.7796911,0.8719945,0.87872136,0.8243512,0.8734513,0.65111655,0.78236836,0.6693086,0.76550704,0.86615866,0.894999,0.8377624,0.7853722,0.8801789,0.73839056,0.8382354,0.79782265,0.54831034,0.8165574,0.5665817,0.8245412,0.6644272,0.8809638,0.74786186,0.86312735,0.8334652,0.89238226,0.68457973,0.60963583,0.7256832,0.9044375,0.67517805,0.83852375,0.82361746,0.9031954,0.787331,0.8246521,0.80994517,0.9011733,0.65229106,0.5551625,0.8691761,0.8504816,0.7769706,0.8270862,0.8087441,0.8176521,0.7106428,0.8246024,0.85173154,0.88530236,0.85971993,0.81694704,0.79970515,0.8358321,0.8972695,0.7390698,0.8077998,0.83439004,0.89435697,0.7849873,0.8076686,0.8670106,0.83786285,0.87406933,0.6641809,0.83429635,0.8296994,0.8140795,0.8574446,0.86059207,0.74009466,0.8564265,0.6900376,0.78855515,0.7845978,0.8482784,0.78863275,0.8408762,0.76418895,0.6780735,0.6731476,0.6573272,0.65329355,0.66609144,0.68855035,0.8274921,0.8482424,0.67253494,0.6658706,0.5968145,0.7175307,0.69940805,0.698145,0.85718465,0.81917226,0.6457194,0.83798385,0.8155561,0.7243644,0.60287875,0.7605026,0.46169025,0.82177716,0.77650964,0.49818233,0.665611,0.84752405,0.7352862,0.6382868,0.76505065,0.47889757,0.46987283,0.8510968,0.4655909,0.8462789,0.7858574,0.73318076,0.61821806,0.7120107,0.7678634,0.7083579,0.7188152,0.67284155,0.67293227,0.8620925,0.63527465,0.6951988,0.6783949,0.63119113,0.7813891,0.46233296,0.77242124
"ת""פ 31661-09-17",0.5781536,0.8039581,0.85655,0.8807322,0.75623834,0.52112085,0.77521974,0.83411586,0.86532724,0.883813,0.8531953,0.6058713,0.8032974,0.99999994,0.7538259,0.86182666,0.77113754,0.850193,0.8942929,0.8966545,0.8912508,0.8520613,0.8167412,0.8730308,0.72149175,0.8538458,0.7977021,0.73005724,0.8820978,0.90312266,0.86615735,0.88168526,0.87547517,0.71628946,0.86565566,0.8703462,0.88984865,0.8391758,0.80527484,0.88812566,0.59444606,0.90505993,0.8459258,0.7158316,0.8689035,0.9029046,0.77265966,0.5956514,0.80873525,0.8516176,0.9116062,0.7857447,0.76301897,0.9276775,0.7944678,0.8411368,0.81392634,0.7548343,0.86992323,0.7595913,0.9046725,0.91422105,0.85505986,0.8613353,0.8966322,0.8951241,0.85317767,0.93200505,0.8290764,0.8709945,0.8587233,0.91263133,0.8461498,0.80491793,0.8204466,0.57606614,0.906698,0.63393015,0.6257917,0.8533313,0.8956765,0.8699645,0.8860026,0.8189001,0.82565784,0.7355354,0.75251836,0.53332025,0.9149177,0.48605096,0.8904123,0.6091317,0.8335466,0.7992688,0.90424186,0.9245666,0.8546881,0.62773466,0.60169065,0.7578969,0.83764815,0.5846688,0.88767517,0.8672121,0.80587375,0.84028625,0.8226663,0.717119,0.8194221,0.6113088,0.5390419,0.8733142,0.90266764,0.84473926,0.8932233,0.9233156,0.82723427,0.63380885,0.8836293,0.8483106,0.8680839,0.8664081,0.77126205,0.9304848,0.89837635,0.8194611,0.69463444,0.8054609,0.86173403,0.84867704,0.86408603,0.89888036,0.80042875,0.77291906,0.80834234,0.60533965,0.81615734,0.82870257,0.8907192,0.8827503,0.8065882,0.70476705,0.7647153,0.62011737,0.7714392,0.73115337,0.87614524,0.9184091,0.79626644,0.7371056,0.5893389,0.57384896,0.5913316,0.5640198,0.5686469,0.6001552,0.8577503,0.7346182,0.6018598,0.5863813,0.5435455,0.632067,0.736434,0.67101693,0.8091929,0.73575294,0.60172826,0.8081216,0.70793104,0.6007775,0.53200024,0.703667,0.39789665,0.9254727,0.8916821,0.43063837,0.5798115,0.7915311,0.68224514,0.5789107,0.8155128,0.41303635,0.40659088,0.7502564,0.38883296,0.8009465,0.8510616,0.84264064,0.45564228,0.5826725,0.68841875,0.64682186,0.62802565,0.53881526,0.5714979,0.76900876,0.5727981,0.58531135,0.5621897,0.5062177,0.7281768,0.40768486,0.8416398
"ת""פ 32803-12-17",0.79268,0.7006457,0.7412251,0.73400664,0.8053266,0.7469972,0.82195604,0.74195504,0.83138484,0.7925947,0.7420852,0.79755807,0.7250782,0.7538259,1.0,0.82064253,0.8393417,0.7925956,0.73797125,0.77735627,0.8018328,0.801798,0.8523565,0.73124254,0.8396073,0.72408795,0.8968978,0.6607822,0.77801895,0.70970225,0.6870829,0.77693623,0.8621644,0.8290967,0.77956706,0.8144432,0.7918448,0.8896245,0.83059937,0.8033431,0.7896811,0.7479446,0.71798325,0.8362505,0.6983335,0.7493762,0.85686374,0.73432684,0.8750005,0.8302539,0.78619397,0.7914273,0.8060514,0.7732266,0.7505067,0.71715415,0.8112072,0.69689524,0.69705015,0.82552123,0.7092521,0.74692714,0.7011666,0.7225028,0.7952659,0.72713697,0.79408395,0.7658412,0.8070333,0.6687626,0.7040761,0.732375,0.801974,0.6562352,0.76420176,0.7875757,0.8073263,0.83023596,0.7377516,0.7185329,0.7509665,0.74741983,0.81746846,0.7276974,0.6773464,0.81493324,0.8761555,0.761894,0.7205297,0.7455461,0.78702694,0.81472665,0.7439709,0.78657985,0.8174778,0.789439,0.8013122,0.8181845,0.7888964,0.83184594,0.757686,0.8072557,0.796196,0.745244,0.8345062,0.8366912,0.6702851,0.8243077,0.68005633,0.8056749,0.6788559,0.708062,0.8274598,0.88610995,0.7861347,0.75792134,0.7321114,0.82716453,0.7402598,0.76029885,0.7402122,0.79942846,0.8970065,0.7499212,0.77238107,0.72210425,0.8455223,0.87883174,0.70679975,0.71494734,0.72962,0.80273235,0.8117386,0.79402494,0.7776238,0.81966275,0.70790875,0.8959587,0.70525753,0.7168639,0.8050493,0.82854974,0.82105786,0.83993673,0.84023315,0.9013427,0.8146652,0.74908376,0.7444984,0.8771052,0.78747153,0.7412582,0.76293635,0.6676184,0.7088318,0.7105408,0.8070132,0.82122755,0.7485062,0.76871383,0.7870709,0.76227295,0.75574815,0.83269525,0.72811735,0.72043705,0.77981806,0.6192244,0.7618784,0.72828543,0.6870154,0.6616609,0.48662627,0.78115433,0.8098905,0.49487278,0.71139085,0.76705056,0.7832228,0.7863487,0.8420042,0.4854471,0.5040519,0.6864046,0.48886982,0.6350501,0.77207017,0.6505154,0.5940304,0.7119465,0.7494323,0.68820673,0.66800725,0.65807647,0.67935526,0.7210747,0.73512053,0.7466364,0.6532954,0.66160226,0.72844815,0.5010117,0.84126806
"ת""פ 33009-05-16",0.7084606,0.78781796,0.84139735,0.8080349,0.86330473,0.6105879,0.85078514,0.8888521,0.9341866,0.89935476,0.8860464,0.7394079,0.8794832,0.86182666,0.82064253,1.0000001,0.86459446,0.8909033,0.82206655,0.8574268,0.8612728,0.8531177,0.90886736,0.88186944,0.8413652,0.8605719,0.885227,0.80784136,0.8952438,0.79793656,0.8409593,0.84825385,0.912393,0.8165636,0.90986913,0.84897316,0.88076365,0.884309,0.89650375,0.853161,0.7174983,0.8436374,0.86238515,0.84616923,0.8304351,0.88425565,0.85755575,0.71972406,0.8906008,0.85736585,0.8675302,0.8467001,0.86025035,0.8830949,0.8442645,0.83866227,0.8666129,0.8427733,0.839244,0.88669467,0.82997817,0.8281365,0.84985614,0.8722745,0.82234347,0.8771938,0.89825165,0.8465217,0.9105289,0.804132,0.8266226,0.8757755,0.9025192,0.8173741,0.86127603,0.69568586,0.8361342,0.7412516,0.7410257,0.8648473,0.8971749,0.8696355,0.8760433,0.8319159,0.7632382,0.837147,0.8390351,0.6299595,0.82580286,0.6188204,0.87181354,0.7260767,0.87906814,0.7835634,0.88275135,0.87724465,0.90401894,0.75195,0.7012007,0.8077048,0.89100724,0.72237027,0.87378347,0.8420154,0.8970157,0.86307716,0.850973,0.8268305,0.8416122,0.7309593,0.602867,0.85612035,0.90212476,0.8546847,0.8729706,0.8608221,0.8660607,0.7663401,0.86764973,0.8685984,0.87551284,0.8976684,0.8691274,0.83685327,0.8630024,0.8628175,0.78332865,0.87883806,0.8341409,0.86722517,0.8136055,0.8625529,0.86658823,0.8541403,0.87603444,0.73086077,0.84154195,0.8885973,0.82113016,0.8331969,0.89604485,0.8274753,0.8541105,0.7506206,0.8928487,0.842728,0.894356,0.8424041,0.85779214,0.8344486,0.7349793,0.7227471,0.7403749,0.69747895,0.6704513,0.72881997,0.83741057,0.83048964,0.73581505,0.7182094,0.66551965,0.7628129,0.73946977,0.77490455,0.86929953,0.8326174,0.72102106,0.8127386,0.82499427,0.74415445,0.64341044,0.7730571,0.44793582,0.8614179,0.85916674,0.4823665,0.69403386,0.83981967,0.7829541,0.71648765,0.84962344,0.46744293,0.4688261,0.7943983,0.45418233,0.80984807,0.8147862,0.7594514,0.59093785,0.7299917,0.8175881,0.7017206,0.7141993,0.6706188,0.6796917,0.820958,0.6898939,0.73125064,0.6737551,0.64629763,0.8238676,0.4572556,0.8615208
"ת""פ 3295-04-18",0.8300289,0.6824274,0.7388186,0.73073435,0.87615025,0.74625313,0.832254,0.7769674,0.89093083,0.8074409,0.79238576,0.8706967,0.82609177,0.77113754,0.8393417,0.86459446,1.0000005,0.8891668,0.7506887,0.80538696,0.7624348,0.7722647,0.9034054,0.80033326,0.9475838,0.7956279,0.92324173,0.8399487,0.82702816,0.72666734,0.7502793,0.793808,0.8652278,0.9318352,0.8434311,0.7973964,0.83364666,0.9086195,0.875641,0.8508383,0.8634832,0.7689461,0.8353829,0.90400636,0.7794609,0.8120117,0.9201442,0.8541112,0.91821146,0.81532955,0.78940296,0.89263034,0.9157944,0.80336845,0.8383194,0.7318282,0.8765179,0.81920916,0.75816965,0.92933893,0.753862,0.7459265,0.8091511,0.8068087,0.76874304,0.81938076,0.8142427,0.75536454,0.8931329,0.72009045,0.7575619,0.8031901,0.8901135,0.7719006,0.90119505,0.83871114,0.7617066,0.87338614,0.86155486,0.75801927,0.8455435,0.7594417,0.8053984,0.81518376,0.6949695,0.8929038,0.9070107,0.7654983,0.7414228,0.7439876,0.79935366,0.87561524,0.8740534,0.7426132,0.86128974,0.8025503,0.8454428,0.8862579,0.8445114,0.8677766,0.8205341,0.8636149,0.78332984,0.76156306,0.92143464,0.81825614,0.72932327,0.9025069,0.7915471,0.8551968,0.69612336,0.77917516,0.83032584,0.85741407,0.76228905,0.773388,0.8483901,0.8854535,0.7383745,0.78796387,0.84789187,0.8813704,0.90031004,0.75595826,0.7977803,0.84369797,0.8156299,0.90781885,0.76542985,0.844543,0.77570534,0.7861779,0.89475924,0.9177218,0.91301227,0.8792987,0.7532091,0.8969158,0.7455348,0.7735549,0.8562105,0.88983464,0.9020113,0.8796912,0.8511572,0.9034762,0.8120169,0.7533485,0.8168159,0.86951035,0.8594471,0.8392201,0.8380803,0.83025014,0.8265747,0.82271004,0.8046,0.8918129,0.81088734,0.82261854,0.7601504,0.8669373,0.79367185,0.8829011,0.862105,0.8698827,0.83847207,0.7151577,0.90216756,0.81909037,0.7588755,0.68380034,0.47304994,0.8043489,0.77010846,0.5002047,0.80531406,0.8722982,0.84701157,0.8239242,0.8524334,0.49783722,0.5157273,0.8320094,0.4924343,0.77533484,0.7963838,0.6876178,0.7083793,0.8411212,0.86138964,0.7774482,0.7638893,0.7881601,0.79836744,0.8424577,0.8058799,0.83417547,0.80692136,0.7569326,0.81441486,0.50671613,0.7966753
